283 261 11
2 1 2 3 4 5 6 7 8 9 10 11 12 13 14 15 16 17 18 19 20 21 22 23 24 25 26 27 28 29 30 31 32 33 34 35 36 37 38 39 40 41 42 43 44 45 46 47 48 49 50 51 52 53 54 55 56 57 58 59 60 61 62 63 64 65 66 67 68 69 70 71 72 73 74 75 76 77 78 79 80 81 82 83 84 85 86 87 88 89 90 91
1 93 148
1 92 147
1 257 257 260 260 260 260 260 260 260 260 260 261 261 261 261 261 261
1 1 2 3 4 5 6 7 8 9 10 11 12 13 14 15 16 17 18 19 20 21 22 23 24 25 26 27 28 29 30 31 32 33 34 35 36 37 38 39 40 41 42 43 44 45 46 47 48 49 50 51 52 53 54 55 56 57 58 59 60 61 62 63 64 65 66 67 68 69 70 71 72 73 74 75 76 77 78 79 80 81 82 83 84 85 86 87 88 89 90 91 147 148
1 91 261
1 91 172
1 90 261
1 90 171
1 89 261
1 89 170
1 88 261
1 88 169
1 87 261
1 87 168
1 86 261
1 86 167
1 85 261
1 85 166
8 261 261
1 83 84
1 83 261 261
1 81 82
1 81 261 261
1 80 261 261
1 79 261 261
1 78 206
1 77 205
1 76 204
1 75 255
1 74 203
1 73 260
1 73 172 257
1 72 260
1 72 171 257
1 71 260
1 71 170 257
1 70 260
1 70 169 257
1 69 260
1 69 168 257
1 68 260
1 68 167 257
1 67 260
1 67 166 257
1 66 259
1 65 259
1 64 259
1 63 259
1 62 259
1 61 259
1 60 259
1 59 259
1 58 258
1 57 258
1 56 258
1 55 258
1 54 258
1 53 258
1 52 258
1 51 258
1 50 202
1 50 161 259
1 49 115
1 49 160 259
1 48 201
1 48 159 259
1 47 200
1 47 158 259
1 46 114
1 46 157 259
1 45 198
1 45 156 258
1 44 113
1 44 155 258
1 43 253
1 43 154 258
1 42 251
1 42 153 258
1 41 197
1 41 152 258
1 40 112
1 40 151 258
1 39 196
1 39 150 258
1 38 111
1 38 149 258
1 109 193
1 135 136 192
1 36 37 94 115 134 146 173 174 202
1 36 165 260 260
1 34 35 94 115 134 146 173 202 241
1 34 164 259 260
1 32 33 94 115 134 146 237 240 241 242
1 32 163 259 260
1 31 174
1 31 162 259 260
1 30 173
1 30 260
1 29 94
1 29 165
1 28 175
1 28 164
1 27 176
1 27 163
1 26 95
1 26 162
1 25 108
1 25 161
1 24 133
1 24 160
1 23 178
1 23 159
1 22 179
1 22 158
1 21 98
1 21 157
1 20 180
1 20 156
1 19 182
1 19 155
1 18 183
1 18 154
1 17 184
1 17 153
1 16 125
1 16 152
1 15 102
1 15 151
1 14 103
1 14 150
1 13 218
1 13 149
1 12 185
1 105 106
1 11 205 206 256
2 205 256
2 203 204 255
1 203 205 206 255 256
1 10 203 255
1 9 94 95 114 115 134 145 146 173 174 176 199 200 201 202 236 237 239 240 242
1 8 94 95 114 115 134 145 146 173 176 199 200 202 231 236 239 240 244
1 94 97 108 113 115 131 133 134 144 146 198 230 231 239 241 244 254
1 96 97 108 113 114 129 131 133 143 144 145 178 198 199 200 201 230 231 237 240 242
1 7 95 96 114 130 143 144 145 176 199 200 228 230 232 236 239 240 243
1 96 98 99 113 127 128 130 138 143 144 198 228 231 232 239 244 252 254
1 97 98 99 101 108 112 113 127 128 130 131 132 133 139 141 143 144 179 197 198 228 230 231 251
1 96 98 99 100 101 112 127 128 130 132 139 141 143 144 197 226 230 232 243
1 96 100 101 130 132 138 139 141 143 182 225 226 227 228 229 232 252
1 98 99 100 111 112 127 128 130 139 140 141 142 179 195 197 225 227 228 233 234 251
1 98 99 101 110 111 112 124 125 127 128 132 139 141 142 183 184 194 197 223 225 227 234 250
1 100 101 110 123 124 125 132 139 141 142 184 194 221 223 226 229 250
1 100 103 111 123 140 195 220 221 225 227 233 248
1 6 103 109 110 111 123 137 142 183 193 194 213 219 220 221 225 227 234 249 250
1 5 110 124 125 142 184 194 213 215 219 220 223 247 249 250
1 4 121 122 123 136 140 142 185 186 191 213 214 215 219 221 248
1 103 109 121 123 135 137 192 193 214 220 221 245 246 249
1 3 106 117 118 135 188 212 213 214 219 220 245 247 249
1 105 106 117 118 136 188 191 209 210 213 215 219 245
1 105 117 121 135 192 209 210 214 217 246
1 107 135 189 207 208 209 212 214 217 245
1 106 107 117 118 188 189 207 216 245
1 105 117 209 210
1 208 209 217
1 107 189 207 216
1 2 257
1 1 257
1 205 206 256
1 203 204 255 256
1 114 145 146 199 200 201
1 95 114 145 236 254
1 138 145 252 253
1 138 144 252 253
1 138 143 252 253
1 112 197 251 252
1 109 137 140 142
1 111 140 141 195 196
1 140 250
1 109 137 140 249
1 136 191 249
1 138 139
1 109 111 136 138 191 195 196
1 109 110 124 125 137 223 248
1 103 123 137 193 247
1 136 137 191
1 122 136 185 186 246
1 106 118 119 120 135 245
1 97 108 131 133 244
1 97 113 129 131 133 178 243
1 134 175 177 238
1 175 177 238 242
1 175 177 238 241
1 238 240
1 238 239
1 108 126 181 235 238
1 95 176 236 237
1 108 126 181 235 236
1 97 133 235
1 124 125 223 224 234
1 132 182 196 226 233
1 102 119 132 187 222 224
1 129 131 178 232
1 126 131 181
1 129 231
1 129 230
1 129 130
1 126 129 181
1 112 128 180 229
1 126 128
1 127 181 228
1 126 127
1 101 102 119 126 187 222 224
1 226 227
1 102 119 187 222 224 226
1 124 224 225
1 125 184 224
1 102 124 211 222
1 102 120 222 223
1 103 104 218 222
1 102 103 104 120 211 218 221
1 104 120 123 211 218
1 104 122 218 220
1 104 122 218 219
1 107 189 207 216 217
1 107 207 216
1 116 216
1 121 122 185 186 215
1 122 186 214
1 120 122 211
1 104 121 213
1 121 192 212
1 120 121 211
1 119 120 187
1 119 187 211
1 106 116 119 190
1 106 118 210
1 118 209
1 116 118 190
1 105 117 208
1 116 117 190
1 116 207
1 113 198 199
1 110 194 195
1 107 189 190
1 105 188
1 104 185 186
1 100 101 182
1 100 183
1 98 99 181
1 99 180
1 96 97 178
1 96 179
1 95 176 177
1 172 257
1 171 257
1 170 257
1 169 257
1 168 257
1 167 257
1 166 257
1 165 260
1 164 259
1 163 259
1 162 259
1 161 259
1 160 259
1 159 259
1 158 259
1 157 259
1 156 258
1 155 258
1 154 258
1 153 258
1 152 258
1 151 258
1 150 258
1 149 258
7 260 260
7 259 259
1 258 259
7 258 258
1 259 260
7 257 257
1
1
1
1
1
1
1
1
1
1
1
1
1
1
1
1
1
1
1
1
1
1
1
1
1
1
1
1
1
1
1
1
1
1
1
1
1
1
1
1
1
1
1
1
1
1
1
1
1
1
1
1
1
1
1
1
1
1
1
1
1
1
1
1
1
1
1
1
1
1
1
1
1
1
1
1
1
1
1
1
1
1
1
1
1
1
1
1
1
1
1
1
1
1
1
1
1
1
1
1
1
1
1
1
1
1
1
1
1
1
1
1
1
1
1
1
1
1
1
1
1
1
1
1
1
1
1
1
1
1
1
1
1
1
1
1
1
1
1
1
1
1
1
1
1
1
1
1
1
1
1
1
1
1
1
1
1
1
1
1
1
1
1
1
1
1
1
1
1
1
1
1
1
1
1
1
1
1
1
1
1
1
1
1
1
1
1
1
1
1
1
1
1
1
1
1
1
1
1
1
1
1
1
1
1
1
1
1
1
1
1
1
1
1
1
1
1
1
1
1
1
1
1
1
1
1
1
1
1
1
1
1
1
1
1
1
1
1
1
1
1
1
1
1
1
1
1
1
1
1
1
1
1
1
1
1
8
8
8
8
8
